id: 1
name: 轨道交通1号线
colour: #E70012
totalStations: 25
1 朝天门 106.59387953085015,29.572352258313543
2 小什字 106.5900804816662,29.566137891130445
3 较场口 106.58080615254828,29.559813868473636
4 七星岗 106.56957318113152,29.561191545144606
5 两路口 106.5557858834356,29.558897448821718
6 鹅岭 106.54042408498944,29.55405650363973
7 大坪 106.52574910979364,29.547719416266055
8 石油路 106.51490401791253,29.543824575164056
9 歇台子 106.50495524263214,29.54116556525056
10 石桥铺 106.49146523779457,29.53854971797599
11 高庙村 106.47572193525806,29.542426240519763
12 马家岩 106.47454249830706,29.55102200249953
13 小龙坎 106.47483615305943,29.559691228419513
14 沙坪坝 106.466900712465,29.562161584676478
15 杨公桥 106.45666658525897,29.567823051779584
16 烈士墓 106.4518636512222,29.57374375660054
17 磁器口 106.45283952968863,29.583021381524958
18 石井坡 106.45068733502166,29.59572380153753
19 双碑 106.45076469811242,29.61208078132659
20 赖家桥 106.38801031222299,29.615961401229324
21 微电园 106.36943025330393,29.615460207531605
22 陈家桥 106.33489973551362,29.613709602339107
23 大学城 106.31531465956346,29.61361132017643
24 尖顶坡 106.29943417906274,29.613368025312475
25 璧山 106.23910899872666,29.61820515040033

id: 2
name: 轨道交通2号线
colour: #008000
totalStations: 25
1 较场口 106.58080615254828,29.559813868473636
2 临江门 106.58068030355062,29.564520879987324
3 黄花园 106.57126786351073,29.56970957202346
4 大溪沟 106.56482137689298,29.572497091203108
5 曾家岩 106.5565464678055,29.572749229295248
6 牛角沱 106.54906696459076,29.566879500945667
7 李子坝 106.54414443845576,29.55902206482106
8 佛图关 106.53801529190245,29.555375467646726
9 大坪 106.52574910979364,29.547719416266055
10 袁家岗 106.52031720372293,29.534570045547134
11 谢家湾 106.52414366278582,29.524902425934894
12 杨家坪 106.5204576254715,29.51359727645768
13 动物园 106.51596232764992,29.505766790707984
14 大堰村 106.50576353826699,29.505295112322916
15 马王场 106.49530427004146,29.50182031327509
16 平安 106.49159248289756,29.494501206372934
17 大渡口 106.48472831509439,29.487699031958538
18 新山村 106.48291876962215,29.477869803629343
19 天堂堡 106.47877195791143,29.47254535462504
20 建桥 106.48125833493906,29.455864425930653
21 金家湾 106.48206888975534,29.44371175256108
22 刘家坝 106.4893087168308,29.433336711563967
23 白居寺 106.49856792248993,29.42033101067602
24 大江 106.5076557765176,29.389815082044336
25 鱼洞 106.51246258203564,29.381557523683497

id: 3
name: 轨道交通3号线
colour: #FFD100
totalStations: 39
1 鱼洞 106.51246258203564,29.381557523683497
2 金竹 106.53039426393619,29.381441324438203
3 鱼胡路 106.54556377753944,29.383904035890033
4 学堂湾 106.5494256054485,29.404262388845975
5 大山村 106.55011116464456,29.41907089310709
6 花溪 106.55665318921687,29.438570861324266
7 岔路口 106.56093812916492,29.454888556037876
8 九公里 106.56549927196723,29.464785738698925
9 麒龙 106.56896852590859,29.473271914164055
10 八公里 106.57226204270587,29.484403425593808
11 重庆交通大学 106.57917734943766,29.49482659533388
12 六公里 106.57974651110588,29.504028036355447
13 重庆工商大学 106.5802979679989,29.513572698620255
14 四公里 106.58257989054079,29.522876240125072
15 南坪 106.57631396993837,29.53226948163574
16 工贸 106.5698227649465,29.537870678071695
17 铜元局 106.55799622674843,29.542298932133754
18 两路口 106.5557858834356,29.558897448821718
19 牛角沱 106.54906696459076,29.566879500945667
20 华新街 106.54361399547469,29.57007658044087
21 观音桥 106.53896403146682,29.579504997203127
22 红旗河沟 106.53272711123512,29.59132258928142
23 嘉州路 106.528677454981,29.601391521446047
24 郑家院子 106.53642685631714,29.605453486946224
25 唐家院子 106.54706983290184,29.605316382615804
26 狮子坪 106.55561070299841,29.607575105221063
27 重庆北站南广场 106.5556798402882,29.612961274435825
28 龙头寺 106.55603286386769,29.62303862670087
29 童家院子 106.56149603003314,29.634700112800466
30 金渝 106.57708697425424,29.641635840718905
31 金童路 106.57381999088432,29.649614935582214
32 鸳鸯 106.56657532891329,29.667642489380004
33 园博园 106.57020240936733,29.680946688177862
34 翠云 106.57912987245486,29.692120350667253
35 长福路 106.5951141652234,29.693629512600396
36 回兴 106.6124430758382,29.696149403099586
37 双龙 106.6253790390836,29.703570379313646
38 碧津 106.63920367988707,29.716898723428642
39 江北机场T2航站楼 106.64482730306064,29.72451448066352

id: 4
name: 轨道交通3号线北延伸段(空港线)
colour: #89CFBD
totalStations: 7
1 碧津 106.63920367988707,29.716898723428642
2 双凤桥 106.63921804421409,29.73466555772542
3 空港广场 106.64016526450762,29.74208093166215
4 高堡湖 106.64950613361597,29.757778853508764
5 观月路 106.65929655952223,29.78100646811361
6 莲花 106.66238459945491,29.791623401228975
7 举人坝 106.67388947569232,29.797634637826715

id: 5
name: 轨道交通4号线
colour: #471E86
totalStations: 23
1 黄岭 106.84785600382462,29.777682422195245
2 石船 106.8401975723204,29.7654144622416
3 桐梓林 106.82181665452494,29.748250532486807
4 普福 106.81021937197518,29.735039652195407
5 高石塔 106.80931529844408,29.71744273665244
6 龙兴 106.8081878901462,29.70769863089631
7 龙驿大道 106.8004483098984,29.695825615061786
8 三板溪 106.80410879522381,29.674119345474775
9 复盛 106.8067243809102,29.66235034304212
10 石河清 106.80600130560647,29.644533826128004
11 雁坪 106.78152363474152,29.633121505329605
12 鱼嘴 106.76958303569037,29.629577222049356
13 果园物流枢纽 106.74545240621765,29.615433985033178
14 鹿栖 106.72279178478446,29.606297930257806
15 铁山坪 106.67590738261639,29.62020963288386
16 唐家沱 106.66558031493132,29.611837138697727
17 太平冲 106.64804132156107,29.61173037595238
18 黑石子 106.62758886714057,29.63031573073209
19 寸滩 106.61270381514976,29.627571259767553
20 保税港 106.58994734778325,29.6231538200823
21 头塘 106.57973774562723,29.614449679134225
22 重庆北站北广场 106.55759639150045,29.619202987173093
23 民安大道 106.53559191323676,29.614896715121393

id: 6
name: 轨道交通5号线
colour: #9253B2
totalStations: 16
1 大石坝 106.50181889225487,29.576479934142704
2 大龙山 106.50537140358678,29.595169589931785
3 冉家坝 106.50539488611645,29.603931736725038
4 幸福广场 106.51476363961592,29.622264438474225
5 人和 106.5287683232163,29.62919471579618
6 和睦路 106.53992909469252,29.635734744951836
7 重光 106.53658541391059,29.655031729964666
8 湖霞街 106.54505893053305,29.665930435403997
9 丹鹤 106.55739875935717,29.67294478294544
10 园博中心 106.56687253006935,29.681614756243086
11 甘悦大道 106.57548780885801,29.70921250694102
12 鲁家沟 106.57808241259642,29.718563665821403
13 中央公园西 106.57873352871798,29.72995235774076
14 椿萱大道 106.57706571829142,29.7412389963051
15 悦港大道 106.57575632616931,29.750856277145566
16 悦港北路 106.57593814297351,29.759742976522386

id: 7
name: 轨道交通5号线南段
colour: #E77DAD
totalStations: 12
1 石桥铺 106.49146523779457,29.53854971797599
2 石新路 106.4840124558725,29.53158774942766
3 巴山 106.47629277761257,29.526734666387345
4 凤西路 106.46061757609883,29.5199634834216
5 重庆西站 106.44540904734065,29.50655329909738
6 华岩寺 106.45199442883322,29.50025249037777
7 华成路 106.45994692461271,29.486692821751653
8 半山 106.45733635390793,29.480803840124896
9 中梁山 106.4524978206612,29.46555349679898
10 金建路 106.44851246778313,29.4488586489642
11 华岩中心 106.44685299052806,29.43545656747149
12 跳磴 106.4439815621866,29.4145669417313

id: 8
name: 轨道交通6号线
colour: #D7006C
totalStations: 28
1 茶园 106.64941102332575,29.493437467581625
2 邱家湾 106.65609416249848,29.503903586699035
3 长生桥 106.66450396373573,29.5170524544745
4 刘家坪 106.66221152169967,29.530812915963587
5 上新街 106.6037469236992,29.561981413195404
6 小什字 106.5900804816662,29.566137891130445
7 大剧院 106.58339796888501,29.57578871456062
8 江北城 106.57849857765233,29.582084164683202
9 五里店 106.5715843291779,29.591476600248765
10 红土地 106.55759252760339,29.590304020791862
11 黄泥塝 106.54452732511272,29.594594803074266
12 红旗河沟 106.53272711123512,29.59132258928142
13 花卉园 106.51950092127163,29.58897608887158
14 大龙山 106.50537140358678,29.595169589931785
15 冉家坝 106.50539488611645,29.603931736725038
16 光电园 106.50597150245761,29.6217525694198
17 大竹林 106.48487735714593,29.63391559413553
18 康庄 106.48550604817251,29.640641965722132
19 九曲河 106.48944342073733,29.659800182988917
20 礼嘉 106.49470638185377,29.672979733160314
21 金山寺 106.49870256595342,29.685004186775036
22 曹家湾 106.50087506630577,29.72668981570789
23 蔡家 106.49883368497085,29.741718221440827
24 向家岗 106.47945368849241,29.74514797458327
25 龙凤溪 106.4104582647631,29.795397334497693
26 状元碑 106.40545497044158,29.809015786826247
27 西南大学 106.43020074527273,29.822474634500768
28 北碚 106.44391002238117,29.831603114178645

id: 9
name: 轨道交通6号线支线(国博线)
colour: #FF7F00
totalStations: 13
1 沙河坝 106.5628656168627,29.850495084593383
2 红岩坪 106.55567817200361,29.83923609090167
3 复兴 106.55645527199906,29.82842851128583
4 思源 106.55569444735697,29.813308789514938
5 刘家院子 106.56092288961699,29.788185360395456
6 清溪河 106.55437993066955,29.770281209512014
7 王家庄 106.55207911512734,29.749726590289775
8 悦来 106.55436424414475,29.731760927220254
9 国博中心 106.55194359962475,29.72274403217044
10 高义口 106.53440897861795,29.708740185886278
11 黄茅坪 106.53799634054046,29.68224291030554
12 欢乐谷 106.51521834640609,29.674930825520626
13 礼嘉 106.49470638185377,29.672979733160314

id: 10
name: 轨道交通9号线
colour: #0000FF
totalStations: 29
1 高滩岩 106.45623712984506,29.54560977225933
2 天梨路 106.45739379309562,29.556426644741897
3 沙坪坝 106.466900712465,29.562161584676478
4 小龙坎 106.47483615305943,29.559691228419513
5 土湾 106.48701535476246,29.557071143236588
6 红岩村 106.500168930621,29.556299822418296
7 富华路 106.51071086187719,29.55661518055275
8 化龙桥 106.52542510894,29.55569830138675
9 李家坪 106.52696127879653,29.569481151962925
10 蚂蝗梁 106.53185310047076,29.577098904913584
11 观音桥 106.53896403146682,29.579504997203127
12 鲤鱼池 106.55583412049596,29.57967050569116
13 刘家台 106.5703051934297,29.579127065739595
14 江北城 106.57849857765233,29.582084164683202
15 五里店 106.5715843291779,29.591476600248765
16 溉澜溪 106.578045011866,29.600623580902855
17 头塘 106.57973774562723,29.614449679134225
18 保税港 106.58994734778325,29.6231538200823
19 何家梁 106.60264982534017,29.631434354142137
20 石盘河 106.6038541959485,29.64482508402047
21 上湾路 106.61553601432246,29.65562386164096
22 青岗坪 106.62343383481031,29.666491298576606
23 宝圣湖 106.61527550554763,29.6836246028852
24 兴科大道 106.61050004951365,29.69332414785381
25 春华大道 106.60625119141258,29.71210753584251
26 兰桂大道 106.60351413324194,29.71974791005985
27 中央公园东 106.59899845363867,29.72959910018827
28 丛岩寺 106.59170903863082,29.75057489052481
29 花石沟 106.59680323836537,29.758670815313273

id: 11
name: 轨道交通10号线
colour: #7ac8ee
totalStations: 23
1 后堡 106.57570254971654,29.543218952007322
2 七星岗 106.56957318113152,29.561191545144606
3 大礼堂 106.5621043204835,29.568059872504055
4 曾家岩 106.5565464678055,29.572749229295248
5 鲤鱼池 106.55583412049596,29.57967050569116
6 红土地 106.55759252760339,29.590304020791862
7 龙头寺公园 106.55701375780512,29.604930337562976
8 重庆北站南广场 106.5556798402882,29.612961274435825
9 重庆北站北广场 106.55759639150045,29.619202987173093
10 民心佳园 106.57402667195262,29.632900129979664
11 三亚湾 106.59125934698216,29.644423764492963
12 上湾路 106.61553601432246,29.65562386164096
13 环山公园 106.62872150473034,29.664532567987386
14 长河 106.63602223498854,29.679779520892737
15 江北机场T3航站楼 106.66174247032212,29.714508963536073
16 江北机场T2航站楼 106.64482730306064,29.72451448066352
17 渝北广场 106.63641065821434,29.724261279388184
18 鹿山 106.61491914267388,29.726321998085
19 中央公园东 106.59899845363867,29.72959910018827
20 中央公园 106.5901749963603,29.729769144240837
21 中央公园西 106.57873352871798,29.72995235774076
22 悦来 106.55436424414475,29.731760927220254
23 王家庄 106.55207911512734,29.749726590289775

id: 12
name: 轨道交通环线
colour: #C7AFD3
totalStations: 32
1 重庆图书馆 106.46200062029449,29.53835740325676
2 天星桥 106.46509297776865,29.548411081037624
3 沙坪坝 106.466900712465,29.562161584676478
4 重庆大学 106.46955776442597,29.574253354905075
5 玉带山 106.48264635983689,29.58648223689232
6 南桥寺 106.48897985790107,29.596161619280018
7 体育公园 106.49417882100447,29.604406855491273
8 冉家坝 106.50539488611645,29.603931736725038
9 动步公园 106.51142490225965,29.608855744880916
10 洪湖东路 106.51894763786505,29.613386122793948
11 民安大道 106.53559191323676,29.614896715121393
12 重庆北站南广场 106.5556798402882,29.612961274435825
13 渝鲁 106.56589893109168,29.60230059499207
14 五里店 106.5715843291779,29.591476600248765
15 弹子石 106.59906408071832,29.59176469610346
16 涂山 106.60716986701988,29.58180232815882
17 仁济 106.60765556519911,29.57044637300258
18 上新街 106.6037469236992,29.561981413195404
19 海棠溪 106.59359786671133,29.54056707979435
20 罗家坝 106.58941024238099,29.532438322531217
21 四公里 106.58257989054079,29.522876240125072
22 南湖 106.56340638573184,29.523173853183096
23 海峡路 106.55295834835282,29.525022007805102
24 谢家湾 106.52414366278582,29.524902425934894
25 奥体中心 106.50898897223608,29.528769867403106
26 陈家坪 106.49654569039164,29.52978475143356
27 彩云湖 106.47833651020633,29.522005306912124
28 二郎 106.46860705368825,29.51115574796911
29 华龙 106.45927335288032,29.501757524919267
30 重庆西站 106.44540904734065,29.50655329909738
31 上桥 106.44927275391233,29.524645282965107
32 凤鸣山 106.45579131988521,29.53073995473421

id: 13
name: 轨道交通江跳线
colour: #C7AFD3
totalStations: 7
1 跳磴 106.4439815621866,29.4145669417313
2 石林寺 106.43642097304239,29.41062665694161
3 九龙园 106.36115812979132,29.40485397816774
4 双福 106.3186176557593,29.404902317785474
5 享堂 106.2681969582889,29.387211981006068
6 江津高铁 106.26341993478611,29.34855679622611
7 圣泉寺 106.26625202921193,29.31324055005389
